!type
msx1
#Slot 0
7747777474777777
4777747777777777
7747777747777777
4774774777777777
7747777777777777
4777747777777777
7777777777777777
7777777777777774
7777777777474477
7777777777777477
7777777777747777
7777777774777777
7777777777777777
7777777774777777
7777777777777777
7777777774777777
#Slot 1
1111111111111111
1BBB9BBBB999B9BB
1B9BB9999BB9999B
1B9999999999999B
199999999999999B
1B9999999999999B
1BB99999B9999BBB
1BBBBBBBBBB9B9BB
1111111111111111
BBBBB1BBBBBBBBBB
999BB1BB9B999999
9999B1B9B9999999
9999B1B999999999
9999B1B999999999
9999B1B9B9999B99
BBBBB1BBBBBBB9BB
#Slot 2
4777777747777777
4777777547777775
4755555547555555
4444444444444444
7775477777754777
7775475555554755
5555455555554555
4444444444444444
7747777777477777
7547777775477777
5547555557475555
4444444444444444
7777775477777754
7555555477777554
5555555455555554
4444444444444444
#Slot 3
4444444444444444
4444444444444444
4444444444444444
4444444444444444
4444444444444444
4444444444444444
4444444444444444
4444444444444444
4777777747777777
4777777547777775
4755555547555555
4444444444444444
7775477777754777
7775475555554755
5555455555554555
4444444444444444